listIDs <- c(100,100,100,100,200,200,200,200)
values <- c(2.12, 2.43, 2.12, 4.45, 3.23, 4.23, 3.23, 4.23)
horses <- c(2.1, 3.2, 4.1, 4.2, 5.4, 4.7, 2.8, 2.0)
month <- c("JAN", "FEB", "JAN", "FEB","MAY","APRIL","MAY", "APRIL")
df <- data.frame(listIDs, values, horses, month)


